1648552435487
1648552435487
1648552435487
1648552435487
1648552435487
1648552435487
1648552435487
1648552435487
1648552435487
1648552435487
1648552435487
1648552435487
1648552435487
1648552435487
1648552435487
1648552435487
1648552435487
1648552435487
1648552435487
1648552435487
1648552435487
1648552435487
1648552435487
1648552435487
1648552435487
1648552435488
1648552435488
1648552435488
1648552435490
1648552435490
1648552435490
1648552435490
1648552435490
1648552435490
1648552435490
1648552435490
1648552435490
1648552435490
1648552435490
1648552435490
1648552435490
1648552435490
1648552435490
1648552435490
1648552435490
1648552435490
1648552435490
1648552435490
1648552435490
1648552435490
